//Created by LBX_CM_Creator 1.0

[TYPE]1
<Fader 1> 5 76 355 618 [0 0 0] 0 0 0 0 0 ""
<Fader 2> 82 153 355 618 [0 0 0] 0 0 0 0 0 ""
<Fader 3> 159 230 355 618 [0 0 0] 0 0 0 0 0 ""
<Fader 4> 235 306 355 618 [0 0 0] 0 0 0 0 0 ""
<Fader 5> 312 383 355 618 [0 0 0] 0 0 0 0 0 ""
<Fader 6> 389 460 355 618 [0 0 0] 0 0 0 0 0 ""
<Fader 7> 466 537 355 618 [0 0 0] 0 0 0 0 0 ""
<Fader 8> 542 613 355 618 [0 0 0] 0 0 0 0 0 ""
<Fader Master> 622 693 355 618 [0 0 0] 0 0 0 0 0 ""
<Encoder 1> 41 37 55 0 [0 0 0] 1 0 0 0 0 ""
<Encoder 2> 118 37 55 0 [0 0 0] 1 0 0 0 0 ""
<Encoder 3> 194 37 55 0 [0 0 0] 1 0 0 0 0 ""
<Encoder 4> 271 37 55 0 [0 0 0] 1 0 0 0 0 ""
<Encoder 5> 348 37 55 0 [0 0 0] 1 0 0 0 0 ""
<Encoder 6> 425 37 54 0 [0 0 0] 1 0 0 0 0 ""
<Encoder 7> 501 37 55 0 [0 0 0] 1 0 0 0 0 ""
<Encoder 8> 578 37 55 0 [0 0 0] 1 0 0 0 0 ""
<Mute 1> 37 70 219 250 [0 0 0] 0 0 0 0 0 ""
<Mute 2> 112 145 219 250 [0 0 0] 0 0 0 0 0 ""
<Mute 3> 192 225 219 250 [0 0 0] 0 0 0 0 0 ""
<Mute 4> 267 300 219 250 [0 0 0] 0 0 0 0 0 ""
<Mute 5> 344 377 219 250 [0 0 0] 0 0 0 0 0 ""
<Mute 6> 420 453 219 250 [0 0 0] 0 0 0 0 0 ""
<Mute 7> 498 531 219 250 [0 0 0] 0 0 0 0 0 ""
<Mute 8> 575 608 219 250 [0 0 0] 0 0 0 0 0 ""
<Solo 1> 37 70 183 215 [0 0 0] 0 0 0 0 0 ""
<Solo 2> 112 145 183 215 [0 0 0] 0 0 0 0 0 ""
<Solo 3> 192 225 183 215 [0 0 0] 0 0 0 0 0 ""
<Solo 4> 267 300 183 215 [0 0 0] 0 0 0 0 0 ""
<Solo 5> 344 377 183 215 [0 0 0] 0 0 0 0 0 ""
<Solo 6> 420 453 183 215 [0 0 0] 0 0 0 0 0 ""
<Solo 7> 498 531 183 215 [0 0 0] 0 0 0 0 0 ""
<Solo 8> 575 608 183 215 [0 0 0] 0 0 0 0 0 ""
<Select 1> 37 70 255 288 [0 0 0] 0 0 0 0 0 ""
<Select 2> 112 145 255 288 [0 0 0] 0 0 0 0 0 ""
<Select 3> 192 225 255 288 [0 0 0] 0 0 0 0 0 ""
<Select 4> 267 300 255 288 [0 0 0] 0 0 0 0 0 ""
<Select 5> 344 377 255 288 [0 0 0] 0 0 0 0 0 ""
<Select 6> 420 453 255 288 [0 0 0] 0 0 0 0 0 ""
<Select 7> 498 531 255 288 [0 0 0] 0 0 0 0 0 ""
<Select 8> 575 608 255 288 [0 0 0] 0 0 0 0 0 ""
<Rec 1> 37 69 155 179 [0 0 0] 0 0 0 0 0 ""
<Rec 2> 112 144 155 179 [0 0 0] 0 0 0 0 0 ""
<Rec 3> 192 224 155 179 [0 0 0] 0 0 0 0 0 ""
<Rec 4> 267 299 155 179 [0 0 0] 0 0 0 0 0 ""
<Rec 5> 344 376 155 179 [0 0 0] 0 0 0 0 0 ""
<Rec 6> 420 452 155 179 [0 0 0] 0 0 0 0 0 ""
<Rec 7> 498 530 155 179 [0 0 0] 0 0 0 0 0 ""
<Rec 8> 575 607 155 179 [0 0 0] 0 0 0 0 0 ""
<SCRUB> 980 1009 465 505 [0 0 0] 0 0 0 0 0 ""
<JOG WHEEL> 910 73 571 0 [0 0 0] 1 0 0 0 0 ""
<Enc Push 1> 39 12 32 0 [0 0 0] 1 0 0 0 0 ""
<Enc Push 2> 118 12 32 0 [0 0 0] 1 0 0 0 0 ""
<Enc Push 3> 195 12 32 0 [0 0 0] 1 0 0 0 0 ""
<Enc Push 4> 271 12 32 0 [0 0 0] 1 0 0 0 0 ""
<Enc Push 5> 347 12 32 0 [0 0 0] 1 0 0 0 0 ""
<Enc Push 6> 425 12 32 0 [0 0 0] 1 0 0 0 0 ""
<Enc Push 7> 502 12 32 0 [0 0 0] 1 0 0 0 0 ""
<Enc Push 8> 578 12 32 0 [0 0 0] 1 0 0 0 0 ""
<Stop> 829 887 407 451 [0 0 0] 0 0 0 0 0 ""
<Play> 891 948 407 451 [0 0 0] 0 0 0 0 0 ""
<Record> 953 1009 407 451 [0 0 0] 0 0 0 0 0 ""
<Rew> 705 762 407 451 [0 0 0] 0 0 0 0 0 ""
<For> 766 825 407 451 [0 0 0] 0 0 0 0 0 ""
<Channel Left> 717 754 507 545 [0 0 0] 0 0 0 0 0 ""
<Channel Right> 758 797 507 545 [0 0 0] 0 0 0 0 0 ""
<Bank Left> 717 754 462 502 [0 0 0] 0 0 0 0 0 ""
<Bank Right> 758 797 462 502 [0 0 0] 0 0 0 0 0 ""
<Flip> 641 677 252 288 [0 0 0] 0 0 0 0 0 ""
<Enc Assign Track> 641 673 31 60 [0 0 0] 0 0 0 0 0 ""
<Enc Assign Pan> 677 713 31 60 [0 0 0] 0 0 0 0 0 ""
<Enc Assign EQ> 717 752 31 60 [0 0 0] 0 0 0 0 0 ""
<Enc Assign Send> 756 793 31 60 [0 0 0] 0 0 0 0 0 ""
<Enc Assign Plugin> 797 831 31 60 [0 0 0] 0 0 0 0 0 ""
<Enc Assign Inst> 835 868 31 60 [0 0 0] 0 0 0 0 0 ""
<Display> 641 677 97 130 [0 0 0] 0 0 0 0 0 ""
<SMPTE BEATS> 976 1012 97 130 [0 0 0] 0 0 0 0 0 ""
<GLOBAL VIEW> 641 677 157 189 [0 0 0] 0 0 0 0 0 ""
<MIDI TRACKS> 705 737 157 189 [0 0 0] 0 0 0 0 0 ""
<INPUTS> 740 776 157 189 [0 0 0] 0 0 0 0 0 ""
<AUDIO TRACKS> 780 816 157 189 [0 0 0] 0 0 0 0 0 ""
<AUDIO INST> 820 855 157 189 [0 0 0] 0 0 0 0 0 ""
<AUX> 859 893 157 189 [0 0 0] 0 0 0 0 0 ""
<BUSES> 897 934 157 189 [0 0 0] 0 0 0 0 0 ""
<OUTPUTS> 938 972 157 189 [0 0 0] 0 0 0 0 0 ""
<USER> 976 1009 157 189 [0 0 0] 0 0 0 0 0 ""
<F1> 705 737 221 252 [0 0 0] 0 0 0 0 0 ""
<F2> 740 776 221 252 [0 0 0] 0 0 0 0 0 ""
<F3> 780 816 221 252 [0 0 0] 0 0 0 0 0 ""
<F4> 820 855 221 252 [0 0 0] 0 0 0 0 0 ""
<F5> 859 893 221 252 [0 0 0] 0 0 0 0 0 ""
<F6> 897 934 221 252 [0 0 0] 0 0 0 0 0 ""
<F7> 938 972 221 252 [0 0 0] 0 0 0 0 0 ""
<F8> 976 1009 221 252 [0 0 0] 0 0 0 0 0 ""
<MODIFY SHIFT> 705 741 272 303 [0 0 0] 0 0 0 0 0 ""
<MODIFY OPTION> 745 787 272 303 [0 0 0] 0 0 0 0 0 ""
<MODIFY CONTROL> 705 741 307 343 [0 0 0] 0 0 0 0 0 ""
<MODIFY ALT> 745 787 307 343 [0 0 0] 0 0 0 0 0 ""
<AUTOMATION READ OFF> 790 832 272 303 [0 0 0] 0 0 0 0 0 ""
<AUTOMATION WRITE> 836 878 272 303 [0 0 0] 0 0 0 0 0 ""
<AUTOMATION TRIM> 881 923 272 303 [0 0 0] 0 0 0 0 0 ""
<AUTOMATION TOUCH> 790 832 307 343 [0 0 0] 0 0 0 0 0 ""
<AUTOMATION LATCH> 836 878 307 343 [0 0 0] 0 0 0 0 0 ""
<AUTOMATION GROUP> 881 923 307 343 [0 0 0] 0 0 0 0 0 ""
<UTILITY SAVE> 927 969 272 303 [0 0 0] 0 0 0 0 0 ""
<UTILITY UNDO> 973 1009 272 303 [0 0 0] 0 0 0 0 0 ""
<UTILITY CANCEL> 927 969 307 343 [0 0 0] 0 0 0 0 0 ""
<UTILITY ENTER> 973 1009 307 343 [0 0 0] 0 0 0 0 0 ""
<TRANSPORT MARKER> 705 741 366 402 [0 0 0] 0 0 0 0 0 ""
<TRANSPORT NUDGE> 745 787 366 402 [0 0 0] 0 0 0 0 0 ""
<TRANSPORT CYCLE> 790 832 366 402 [0 0 0] 0 0 0 0 0 ""
<TRANSPORT DROP> 836 878 366 402 [0 0 0] 0 0 0 0 0 ""
<TRANSPORT REPLACE> 881 923 366 402 [0 0 0] 0 0 0 0 0 ""
<TRANSPORT CLICK> 927 969 366 402 [0 0 0] 0 0 0 0 0 ""
<TRANSPORT SOLO> 973 1009 366 402 [0 0 0] 0 0 0 0 0 ""
<ARROW UP> 739 773 549 583 [0 0 0] 0 0 0 0 0 ""
<ARROW DOWN> 739 773 624 655 [0 0 0] 0 0 0 0 0 ""
<ARROW LEFT> 703 736 588 619 [0 0 0] 0 0 0 0 0 ""
<ARROW RIGHT> 777 810 588 619 [0 0 0] 0 0 0 0 0 ""
<PLUS> 739 773 588 619 [0 0 0] 0 0 0 0 0 ""
<TIME DISPLAY ASSIGNMENT> 0 11 0 11 [0 0 0] 0 0 0 0 0 ""
<Footswitch 1> 109 120 0 11 [0 0 0] 0 0 0 0 0 ""
<Footswitch 2> 122 133 0 11 [0 0 0] 0 0 0 0 0 ""
<Expression Pedal> 134 145 0 11 [0 0 0] 0 0 0 0 0 ""
<Meter LED 1> 9 25 155 288 [0 0 0] 0 0 0 0 0 ""
<Meter LED 2> 84 100 155 288 [0 0 0] 0 0 0 0 0 ""
<Meter LED 3> 164 180 155 288 [0 0 0] 0 0 0 0 0 ""
<Meter LED 4> 239 255 155 288 [0 0 0] 0 0 0 0 0 ""
<Meter LED 5> 316 332 155 288 [0 0 0] 0 0 0 0 0 ""
<Meter LED 6> 392 408 155 288 [0 0 0] 0 0 0 0 0 ""
<Meter LED 7> 470 486 155 288 [0 0 0] 0 0 0 0 0 ""
<Meter LED 8> 548 564 155 288 [0 0 0] 0 0 0 0 0 ""
